Round index
1
----------
Player index
3
----------
Number of player
5
----------
Deck
1 12
0 5
1 11
0 12
0 7
3 6
0 1
3 13
3 8
3 2
0 3
0 2
1 7
1 9
0 8
3 4
0 11
0 10
3 3
2 7
2 4
2 8
1 6
0 9
1 1
2 11
2 6
2 1
2 2
1 5
0 6
2 9
3 11
1 2
0 4
3 10
2 12
3 9
1 10
3 5
0 13
1 8
3 1
2 13
1 13
2 10
2 5
3 12
2 3
3 7
1 3
1 4
----------
Count Check
1
----------
Count Allin
1
----------
Count Call
0
----------
Is First Bet
0
----------
Table
9750
250
5000
0
Shared cards
0 3
0 2
1 7


----------
Players
Player 1:
4750
250
6
1 12
3 6
1
0
Player 2:
3500
1500
6
0 5
0 1
0
1
Player 3:
3500
1500
6
1 11
3 13
0
0
Player 4:
3500
1500
6
0 12
3 8
0
0
Player 5:
0
5000
5
0 7
3 2
0
0
